0 21
0 26
1 81
2 48
2 107
4 19
4 53
5 117
6 35
6 46
7 40
7 54
8 62
10 17
10 88
10 118
11 103
12 39
12 91
13 63
13 77
13 100
13 101
14 66
15 70
15 106
16 32
16 83
16 112
17 33
18 64
18 85
18 91
19 20
19 23
19 34
20 52
20 82
20 92
20 100
21 23
21 78
22 104
22 106
22 115
25 98
27 42
27 44
27 80
27 100
27 106
28 65
28 72
29 40
29 104
30 45
31 102
32 86
32 97
33 99
34 35
34 46
35 110
35 119
36 48
36 63
36 76
36 108
38 70
38 108
41 51
42 54
42 60
43 53
43 60
44 84
45 61
45 64
46 111
48 95
48 111
51 71
51 95
53 60
56 105
57 98
57 116
58 79
58 89
59 77
60 73
60 108
62 73
64 103
65 109
66 118
67 81
67 96
68 103
73 83
73 104
75 113
76 104
77 116
79 86
84 99
89 106
90 99
91 108
91 109
96 113
98 99
99 108
99 115
100 103
100 106
100 112
101 119
103 112
116 118
