0 21 4
0 26 3
1 81 1
2 48 1
2 107 2
4 19 5
4 53 4
5 117 3
6 35 3
6 46 4
7 40 2
7 54 5
8 62 1
10 17 3
10 88 4
10 118 4
11 103 2
12 39 1
12 91 1
13 63 5
13 77 5
13 100 5
13 101 3
14 66 1
15 70 4
15 106 1
16 32 5
16 83 2
16 112 5
17 33 3
18 64 4
18 85 3
18 91 2
19 20 3
19 23 1
19 34 4
20 52 1
20 82 1
20 92 1
20 100 4
21 23 2
21 78 5
22 104 2
22 106 3
22 115 2
25 98 4
27 42 5
27 44 1
27 80 1
27 100 5
27 106 4
28 65 5
28 72 2
29 40 1
29 104 1
30 45 4
31 102 2
32 86 1
32 97 3
33 99 5
34 35 5
34 46 4
35 110 2
35 119 3
36 48 3
36 63 2
36 76 1
36 108 4
38 70 3
38 108 2
41 51 2
42 54 2
42 60 4
43 53 3
43 60 2
44 84 5
45 61 4
45 64 2
46 111 5
48 95 5
48 111 5
51 71 5
51 95 5
53 60 3
56 105 2
57 98 2
57 116 4
58 79 2
58 89 5
59 77 3
60 73 1
60 108 1
62 73 1
64 103 1
65 109 3
66 118 3
67 81 3
67 96 3
68 103 1
73 83 3
73 104 3
75 113 5
76 104 2
77 116 3
79 86 3
84 99 4
89 106 5
90 99 3
91 108 3
91 109 3
96 113 1
98 99 5
99 108 4
99 115 5
100 103 5
100 106 5
100 112 2
101 119 2
103 112 5
116 118 4
